1826 50 2 30 66
621 524 155 53 225
80 34 239 60 512
214 9 11 105 229
576 39 63 6238 500
6 25 5 15 14
3 42 1313 652 4326
269 191 1408 18346 554
4022 377 895 433 56
283 219 165 17 97
25 279 225 351 342
784 1477 5631 542 67
287 437 693 480 1518
355 717 115 555 332
206 75 62 27 6719
116 1066 12 276 136
1077 57 207 212 93
382 402 208 128 290
3435 1208 1661 60 2396
82 427 11 26 59
257 207 248 273 162
3918 201 204 854 368
530 740 3143 1836 93
284 657 1294 493 403
373 1948 742 217 506
222 1522 50 4830 406
5816 68 1174 102 215
11542 1421 1025 1734 592
42 63 1239 58 111
62 4 727 466 46
8631 273 859 195 681
687 35 299 8517 105
889 277 304 5 276
558 65 381 695 125
767 711 747 83 19
57 1212 407 73 30
27 48 691 76 99
54 1654 588 123 622
384 116 2442 31280 166
485 733 3473 420 2681
648 81 202 69 3300
99 9365 5082 3509 8
930 5 147 159 430
7841 9 1408 15789 29
549 344 19 30 22658
387 178 4905 52690 10892
3602 25 4651 385 51
104 378 21 26 21
149 199 243 2001 146
595 984 619 1054 57
531 22 290 1278 2371
186 1793 34 1366 212
10662 6 7 46 1000
364 137 50 774 1121
459 2567 1907 56 665
3666 7521 105 158 346
4855 43 435 25 3908
6607 194 95 341 5842
344 23 1395 19 24
878 3782 58165 48884 182
2847 113 1447 70 6
485 2927 1472 71 67
2305 3 288 695 3775
43811 5547 6467 38968 5472
4530 1328 174 4484 665
929 1786 931 44 822
44 74 5 4914 1203
20376 6186 5401 14156 283
167942 20897 18006 686 35272
40284 229 37391 8249 7665
9628 17802 10193 8616 410
1349 748 246 1648 2484
231 14632 822 536 1421
1058 1780 791 430 330
434 3718 1069 423 729
1016 458 634 524 416
209 192 340 31 90
194 622 769 802 3349
2 8404 162 4624 14964
180 48 11413 294 193
97 8357 55 354 86
247 231 32 310 1618
928 1422 395 128 297
41 607 32539 23 3197
197 2248
